.Random.seed <-
c(403L, 43L, 1738326243L, 1232090497L, 1735758832L, -1000023410L, 
781184505L, 111841163L, -1279915078L, -1991019844L, 735406591L, 
-542066859L, -860499860L, 2002257090L, -1257476323L, -1529174633L, 
-1052683010L, -1421132104L, 1283760283L, -804204807L, -1845215160L, 
162272118L, -984774991L, -1118091549L, -1994672718L, 994549252L, 
-2070899385L, -1664118755L, 1800894100L, -382812614L, -1288351611L, 
1944982879L, 300662246L, -226765712L, -1000077421L, -582430671L, 
1874632416L, -226732162L, 138464777L, 840246843L, -921864182L, 
-2121160724L, -1196094353L, 1303110565L, 1906705244L, 1678257970L, 
-906748371L, 1934644455L, 1390269966L, 547900392L, -1857702421L, 
60481161L, -1203892712L, 2118845766L, 1131803553L, 2101362227L, 
-1115507806L, -2024651116L, 1344881943L, 2046067469L, 378614308L, 
690813450L, -973765771L, 1879000783L, -1079686698L, 1284744576L, 
-1777525309L, 1374337889L, 1572479440L, 692173102L, -1619099431L, 
-1750017301L, -1003370662L, -1839677156L, -1691629537L, -1409706891L, 
1377734924L, 962821346L, 1992070589L, 163553847L, -1017204514L, 
864091160L, -992484485L, -78867687L, 598093736L, 495726422L, 
-1062660143L, -1334393981L, -2071910894L, -1723383388L, 28898663L, 
76806845L, 302479924L, -256048742L, 1637932517L, 2011478399L, 
514691334L, -1690441072L, 933641011L, 1516716241L, -1697590656L, 
846529374L, 1341108393L, 1070715739L, 941580650L, 1335559180L, 
1969644623L, -634628859L, 509089212L, 1076666514L, -1241394291L, 
2143069127L, -1043441490L, 937285896L, 1322379019L, -1602428439L, 
391145144L, 542495078L, -328265215L, -1392030573L, 802961218L, 
-346699532L, -1824389897L, -683156243L, -601944188L, -1272577622L, 
-1302284523L, -74357329L, 1994395062L, 1055486944L, 971184931L, 
-1309467583L, -431821008L, -1135116978L, 1887223737L, -1048249909L, 
605747834L, 989982588L, 213499839L, -131389291L, 1707005612L, 
1024033922L, -285678499L, 476048215L, -1821051330L, -2132493704L, 
177359195L, -168957767L, 1650460936L, 1432320950L, -1453508367L, 
-1167020253L, 2104768882L, 1541270468L, 9897863L, 502353245L, 
2137269076L, -148522630L, -1570278203L, 922232351L, 1009398182L, 
-1994792144L, 1417679315L, 216815601L, -658607840L, 3051454L, 
787578825L, 433655675L, 1835300170L, 545800620L, -2125112145L, 
281691749L, -481460708L, -1295241102L, -793614611L, -1544434905L, 
-1451677874L, 2026409896L, 1744182187L, -1871341367L, 824418520L, 
-710558330L, 353637473L, 1585763827L, -1144220574L, 1682936532L, 
-1466362921L, 539920845L, -2127561372L, 431323466L, -2044182347L, 
-2115606513L, 177602838L, -106767424L, -848169085L, 1409111457L, 
1090099600L, 336405102L, -629509095L, 1683253419L, -379069286L, 
-371499940L, 614582623L, -1061520587L, -1976541492L, 1554877474L, 
-2056024451L, 113898359L, 1710836894L, 1260567384L, -606224709L, 
-1211178919L, -1021385752L, 1392305686L, 2080442769L, -493770173L, 
1614408018L, 642457060L, 473842727L, 1091350653L, 1882135924L, 
467915098L, 1654134693L, 1146451903L, -1502573498L, 695605968L, 
-605985549L, 26378769L, -717769664L, -1169048112L, 582442338L, 
-1449613336L, -1959514164L, -1576148228L, 1293858290L, 1786596480L, 
-2126849804L, -1235821944L, -1449571526L, 677554000L, 1181031020L, 
187349140L, -2040266414L, 2105874144L, -1955035444L, -139425632L, 
-952219774L, 1035380456L, 1773612780L, 164499516L, -1964431758L, 
1499247728L, 1252739620L, 1209227320L, -1887776742L, -1909168432L, 
-1864516548L, 713362580L, 386173058L, -1625116736L, -868976324L, 
59381392L, -1953726430L, -1242810360L, -1902228340L, -920267748L, 
1046325906L, 31715456L, -14855148L, 1384597800L, 938215994L, 
-725838640L, 1238635628L, 1933704884L, 2023950354L, -1050966048L, 
2007176140L, 1476292064L, 608756258L, 1814887720L, 1763710220L, 
-626749892L, 911737074L, 2026966768L, -1519005884L, -1403445672L, 
1756363322L, -1962451216L, 155365564L, 1076765204L, 827663554L, 
836097120L, 1583848828L, 41402576L, 334197794L, -2037461336L, 
1402610572L, 1696677308L, -1852691406L, 978896704L, -39660364L, 
1982310216L, -315557190L, -743760112L, 320720108L, -909798316L, 
167677714L, 720832416L, 1450652620L, 286024544L, -737143614L, 
-1653115352L, 1043666348L, 669862716L, -943917198L, 2063873840L, 
-337291740L, -959572936L, 576237786L, -1493760624L, -218109188L, 
-1739013228L, 1068336962L, -1633038848L, -1134660036L, -1731478960L, 
2116855458L, 1379271496L, 631009804L, -1528436516L, 622766674L, 
-1689931648L, 193334100L, -133556760L, -1445536006L, -470963376L, 
1400691756L, 630122868L, 1695069842L, 72978016L, 1580779148L, 
-649156768L, -135951646L, -1794273112L, 518286540L, 231154172L, 
-1353510990L, -1630017040L, -1902266940L, 1734155096L, -401117318L, 
88262064L, -491067972L, 1545978964L, -1002285118L, -1477224672L, 
1835051964L, -1655617968L, -341997086L, 1652573544L, -991896244L, 
-1218890500L, -262214926L, -1396309248L, 593497716L, -899181560L, 
-133404230L, -497290288L, 1467229676L, 2127204244L, 537394898L, 
727300704L, -178520756L, -1805168352L, -977727870L, -1837046296L, 
1835000812L, 147135036L, -818755982L, -1968899216L, 1876644132L, 
-497110472L, 1908865434L, -1745072688L, -577925700L, 1397331092L, 
531372162L, -77357632L, -330625220L, -1998126960L, 1809419042L, 
1050495496L, 400337164L, -395589220L, 1628949010L, -1217417344L, 
549243668L, 126583080L, 1599195194L, 1315904464L, -84005268L, 
1887269428L, -1345788270L, 782327136L, 716884300L, -1526795296L, 
-1087413854L, -1413203544L, -520849780L, -389694020L, 1067741810L, 
1978436592L, 1871135300L, 1130885208L, 81970234L, 1034007664L, 
941990972L, 1184277780L, -281146686L, -259639584L, -653783940L, 
956697296L, 546367906L, -1533043672L, 306718476L, 1218416060L, 
1198384946L, 9744064L, -1394978764L, -1505145144L, -333903686L, 
1818763920L, 1177845484L, 219339348L, 833269394L, -120967904L, 
902342092L, 558436064L, -2017901374L, 500431912L, 548254636L, 
-415256900L, -1091872782L, -1306428880L, 1999741860L, -1140494920L, 
123129690L, -2026610544L, 1868631932L, -1414957804L, 71231810L, 
323360000L, 1443594684L, 286008656L, 208711970L, 1104187976L, 
-804421182L, -1387992617L, -1019292127L, 1592118758L, -1002535708L, 
-1921385451L, 771210303L, 1359549400L, -742930954L, 332162563L, 
1484783941L, -1855019678L, 993556176L, 1587548665L, 1223946539L, 
1404557980L, -149180214L, 1834318271L, 2120994057L, -233484770L, 
1447465932L, 1628783005L, 225639463L, -1733254576L, 2058972910L, 
1000253339L, -634546691L, 1419446506L, 456276872L, -627854031L, 
-1266815581L, 1094121892L, 1131011154L, 15927207L, -1152560143L, 
36628278L, -1877851180L, -1152079515L, 931001711L, 1859323816L, 
380955910L, -835029965L, -1518366059L, -702668046L, 597273408L, 
-299532119L, -1484831461L, -1023786260L, 1609899770L, -2074267857L, 
369037113L, -1271131826L, -1661292644L, -303645427L, 256026487L, 
370992000L, -1385432610L, -1028882773L, -286785107L, -139586022L, 
1567459544L, -1577732799L, 392510963L, -1502237676L, 519074210L, 
-453105993L, -1841778559L, -1842968442L, 1817746628L, 764148213L, 
1282438239L, 1181050552L, 1402611606L, 756104611L, -356818587L, 
-1929164670L, -874307088L, -1255475303L, 2059022731L, -524284804L, 
387081898L, 2131181791L, -73537943L, -1001098114L, 1804262508L, 
373783741L, 1154651527L, 1429696880L, -578362354L, -2038359749L, 
-788470243L, 543898314L, -2041170456L, -1403086127L, -569710909L, 
287985092L, -46642574L, -795929785L, 1514646289L, -864184682L, 
-58692620L, -2012408443L, -1288484657L, -1197383224L, -1465868186L, 
1235744403L, -1472551435L, -1148974L, 2137457696L, -407611895L, 
1676005179L, -1520663924L, -1749002470L, 902560143L, -1398745383L, 
-987039378L, 601343228L, 1383325293L, -57353705L, 449794016L, 
1967475646L, 2070260107L, 394115597L, 1839248954L, 438361720L, 
870110753L, -940398381L, -1880860684L, -964312958L, 676305175L, 
434024417L, 446408998L, -1438775260L, 1875700437L, -1189947777L, 
-441592040L, -1421814218L, 1812981955L, -1753660155L, -2003391326L, 
382169744L, -14705095L, 761552619L, 1692753884L, -1620221430L, 
308258047L, -198643383L, -1508711714L, 1426264204L, 1726679133L, 
